
Time: 0.099982
Result: 5 9.290192 9 11.420024
